2378
3921
4363
4407
4416
4535
4655
4669
4693
4723
4762
4790
4804
4846
4865
4870
4927
4933
5035
5111
5147
5190
5205
5215
5237
8010
8427
8827
8980
9056
9401
9406
9790
9909
10097
10145
11222
11227
13503
15470
15549
15561
15607
15983
15984
16727
16768
17084
17575
17954
18048
18100
18126
18320
18605
19166
21197
21236
21243
21329
21513
21562
21849
21913
21967
22227
22382
22667
25768
25784
25821
26010
26023
26035
26066
26936
27169
27339
27547
27558
28042
28079
28134
28536
28597
28754
28798
32205
32214
32226
32312
33417
33635
33867
34050
34346
35112
35124
35204
36152
36726
36938
38086
38416
38515
38656
38683
40348
43774
44569
45780
47736
49426
51916
55251
57982
59368
60970
62879
66100
66780
66830
68059
68839
74363
75493
75559
76474
77346
77652
79167
79963
82690
84601
88498
89378
90393
90467
90850
90916
92887
93839
94402
95056
96798
96943
98123
98952
100253
101046
102533
103728
104362
105791
109191
110107
112127
112136
112936
113432
114612
115687
115696
117153
117381
129049
131285
132355
133263
134393
138661
139391
140521
141417
142181
142433
145297
147481
149067
152585
154164
154338
155037
156017
156934
159573
160420
163181
164018
165722
166051
166229
167950
167981
168143
169279
171474
172677
172683
173063
174989
176311
177294
177332
181022
182806
183998
184484
185952
186848
187852
188146
191528
191649
193980
194642
195310
195971
197719
198726
200710
201338
202104
204099
204126
206009
207084
207933
209205
209743
210831
212278
215141
215214
215399
217224
217632
221838
222260
224293
224710
225022
225121
228622
231570
235765
238280
238844
240372
241745
244536
247867
248534
251334
252355
252575
253928
253959
254736
255411
259419
259733
260316
262040
262371
265916
266203
266510
267199
268945
269450
270483
270962
271207
271917
271958
273289
273603
273917
276381
276450
276501
278626
278663
278666
279448
283485
284478
286332
286838
287745
288006
288226
289787
291965
297839
299165
300484
300979
301539
301771
302078
303787
306800
308435
308813
312561
313143
313829
314070
315384
316171
317608
318196
319625
319763
320877
323877
324143
326363
326709
327580
327951
328038
328786
329826
332401
333250
334364
334887
336076
336767
336877
337883
338862
339939
341792
342795
345020
345778
347250
347574
347927
351984
352381
352585
353781
354139
354983
355886
356326
356478
356896
357844
357877
361225
362004
362551
362879
363152
366261
367408
368318
368758
369108
369162
370101
372899
373964
374827
375642
377247
379415
380204
380839
382971
383143
383890
384864
385663
388813
389401
389524
392293
393259
393278
396868
396919
397842
397980
398921
400596
401254
404957
406730
407039
407563
408275
408314
409503
410884
411159
411742
412183
412328
415266
419478
419577
420955
422965
424399
425273
426043
426533
427297
430515
431872
435166
435932
440046
440596
443170
445411
445582
446161
447843
448357
448373
448697
449310
449628
454115
456189
456767
458639
459424
460120
461032
461406
461575
462263
462563
463564
463668
464243
470379
470797
473063
475232
476342
479438
479471
479581
479712
480127
481627
481750
483096
486083
486104
486897
488131
488328
491479
492990
493002
493398
496447
499666
501498
501714
501839
504489
505551
506552
509260
510716
513061
513834
514175
514934
515287
517589
520262
520793
520862
522148
523668
525930
526477
526892
527075
527172
528127
529207
531245
532306
534400
535731
537729
537884
540346
543578
543839
546476
549915
550290
550964
551481
551846
553486
553736
553961
554326
555915
556221
556371
556507
556867
557081
557104
558402
559498
560754
561296
562538
563246
564246
564606
564617
565187
565804
565832
566425
570410
572310
573363
578227
578430
580147
580806
580855
581607
582377
582620
583270
583407
583474
584163
585419
588163
588314
589713
590667
592245
593550
593632
593709
595008
595185
596799
597150
597281
598488
599508
600248
600668
600828
600987
602677
603936
605214
607277
608380
608413
609966
611051
613083
613087
613125
613226
613343
615181
615836
617332
617360
619120
619291
619718
619954
620626
622301
622367
624736
624840
626598
628528
629762
629975
630082
637630
637936
638563
639532
639724
639949
640050
641744
643269
644155
644794
645636
647090
647968
648412
649772
651026
652473
652908
653437
657182
657651
658298
662582
662806
664248
666182
666193
667078
667298
667450
667998
670626
670800
671317
671879
672745
672877
675676
675714
677181
677373
678810
680638
680903
682879
686233
690202
690399
690454
691623
692730
692956
694579
694605
696090
697747
697831
698648
699187
699241
699496
701809
702623
702716
703464
705473
707007
707704
709621
711651
715422
715448
715630
716297
716555
717760
718741
719291
719484
719763
720492
721203
721286
721307
723169
726832
728166
730724
731633
732220
732323
732893
733057
733798
734593
735381
737449
737901
738432
739929
741334
742200
743901
743934
744366
745029
747251
749518
750913
753025
753559
754555
755462
755539
756694
758131
758314
759511
759936
759988
762028
762761
763036
765469
766934
767886
768486
769593
770450
770459
770685
771295
775011
775558
781874
782350
782539
782843
783012
783068
783224
783749
785052
785945
786137
786829
787839
788418
788538
789559
791021
792743
795505
795550
803288
804700
807199
808150
808302
809176
809970
810656
813716
814045
816684
816690
818351
818527
819192
819852
820233
820480
820817
821341
823144
823294
824105
825233
829123
829793
830656
831813
837854
847339
849493
849650
849767
849865
854410
856880
858035
858284
860173
861430
866226
866782
867113
867488
872237
873874
874622
875841
876697
876969
877612
878390
878406
882960
883753
883870
886043
889024
889563
889693
890319
890600
890663
895001
895602
898209
899126
903569
905295
905653
907749
908008
911461
912338
912538
914298
916240
916862
917067
918429
918795
919338
920817
922017
922181
923450
924083
924491
925000
925681
925949
926062
926131
927797
927969
928350
928918
929864
930848
931442
932263
933416
935614
936001
938307
939703
940499
944355
945192
946522
946558
950917
952209
953117
953764
953959
955585
959729
966139
967254
972147
972154
973763
975102
975813
976614
977485
978624
978754
979264
979544
980197
980208
982883
987750
987775
988197
989300
991689
992795
993390
993881
994805
996262
996516
997034
997905
999190
999744
1000788
1001119
1004185
1004430
1005090
1006031
1007251
1007928
1008400
1009132
1011994
1012589
1014408
1015759
1016473
1018776
1023133
1029104
1031046
1032178
1033600
1034045
1035101
1035412
1035898
1036192
1036791
1037963
1040379
1043755
1045390
1046734
1053561
1055707
1058086
1059457
1059491
1061195
1064197
1066568
1067017
1067055
1070556
1074722
1076504
1076901
1077767
1078598
1079016
1082986
1086016
1088177
1088316
1089324
1089583
1090837
1090893
1090933
1092303
1092377
1092964
1093326
1095379
1095611
1097478
1097861
1098505
1100814
1101964
1103711
1104306
1104473
1107858
1108615
1109154
1110396
1113533
1114383
1115458
1118404
1119046
1119366
1121522
1122126
1123132
1123697
1125758
1126767
1127297
1128289
1129176
1130241
1131375
1133552
1133659
1136029
1141527
1142344
1143049
1145719
1149650
1151233
1152534
1153199
1153286
1153418
1153616
1155691
1157598
1158749
1159404
1160769
1160771
1160871
1161138
1161805
1162669
1163748
1165477
1165788
1169177
1169948
1170055
1172090
1172428
1174319
1175211
1177640
1177773
1177842
1179071
1179887
1180564
1181379
1183960
1184370
1184576
1186233
1186356
1186501
1187238
1187482
1188242
1190075
1193355
1194389
1194628
1196566
1197003
1201069
1202763
1206239
1210022
1211194
1212566
1212626
1213352
1213781
1213880
1216001
1217394
1217819
1218442
1218827
1220380
1221295
1222129
1222293
1223921
1224312
1224856
1225802
1226298
1228277
1230755
1234961
1235203
1235292
1235391
1236143
1236202
1236320
1237715
1237855
1240126
1240840
1242310
1242834
1243573
1246058
1249488
1253136
1255796
1257218
1259430
1259593
1259818
1261166
1262818
1264599
1266687
1267568
1268189
1268836
1269862
1270770
1273044
1275595
1281848
1282042
1282843
1283299
1283752
1283777
1284465
1285298
1286054
1286519
1287466
1287694
1287726
1289394
1289529
1290161
1292517
1292780
1294938
1295487
1296740
1296780
1296978
1297199
1299565
1301491
1301927
1302457
1302761
1304781
1305012
1307579
1307651
1308347
1308541
1310531
1310822
1312219
1313401
1313993
1314366
1315257
1315442
1316459
1318175
1321468
1321639
1323405
1323709
1324522
1325108
1326347
1328460
1329403
1329968
1335988
1336134
1337024
1337931
1338990
1339058
1339516
1342327
1342874
1342876
1343078
1345233
1347003
1348000
1348914
1349257
1350398
1350414
1350677
1351697
1353231
1353315
1353821
1354850
1355427
1357445
1358009
1358013
1358283
1361310
1363150
1363522
1363601
1363834
1364253
1367173
1369238
1369896
1372545
1373087
1375738
1377066
1377478
1378220
1378562
1378656
1379663
1380312
1380904
1381510
1383875
1385529
1385943
1386793
1387426
1389009
1389271
1389785
1390384
1391562
1392909
1393880
1394752
1394939
1395483
1395767
1396569
1398186
1398930
1402237
1402736
1404302
1404673
1405573
1407921
1410374
1412637
1412729
1413442
1414083
1414812
1415635
1415638
1417026
1417735
1417880
1418222
1418521
1419414
1419647
1423190
1424113
1425614
1426406
1426740
1428127
1428572
1431305
1431921
1432475
1432892
1433321
1435418
1435924
1435987
1437350
1437524
1438259
1438496
1438832
1439591
1442152
1442397
1442403
1443630
1443854
1443940
1445514
1447503
1449181
1449241
1450955
1453000
1453116
1454517
1454577
1455009
1455190
1457854
1458714
1459121
1459407
1460880
1461067
1462269
1462864
1463443
1463570
1464155
1465239
1465545
1466911
1467712
1469968
1470262
1470489
1470912
1471180
1471336
1473639
1474034
1475784
1475792
1477139
1477392
1478162
1479577
1480801
1481873
1483195
1484229
1485155
1485607
1486381
1486565
1487859
1488182
1489117
1489288
1490331
1493378
1495238
1497385
1497529
1498980
1499491
1502852
1503065
1503822
1503837
1505544
1507371
1507736
1507823
1508829
1509914
1510612
1514004
1515540
1516890
1516896
1517403
1519254
1520639
1522706
1523443
1524077
1527132
1527889
1527982
1527991
1529523
1530381
1532041
1532637
1534405
1535045
1536239
1536321
1537273
1538071
1538356
1538436
1539799
1541433
1543275
1543754
1543951
1544163
1544451
1544503
1544993
1545097
1548153
1550862
1551518
1554272
1555835
1558632
1558794
1559113
1562589
1563024
1564872
1565073
1565307
1566233
1569615
1569932
1572724
1573211
1574679
1575136
1575185
1577417
1577590
1582385
1582443
1583896
1586922
1587601
1589424
1589681
1590215
1590578
1591007
1591486
1591577
1592922
1594534
1594923
1595282
1596836
1597018
1597715
1597997
1598034
1599081
1600852
1601221
1606095
1606422
1606590
1606653
1607968
1608331
1608438
1610174
1611465
1612220
1612673
1612784
1613215
1613797
1614112
1614505
1614578
1615793
1617895
1618623
1620067
1620431
1622036
1622424
1623608
1623873
1624571
1624702
1625774
1625922
1626352
1629290
1630068
1630569
1630833
1633064
1633318
1633620
1633865
1634381
1634870
1635047
1635070
1636563
1637427
1637488
1638015
1640074
1640187
1640553
1641027
1642231
1642248
1643339
1643820
1645538
1648767
1649224
1649453
1649876
1650074
1650581
1650617
1651726
1652611
1652713
1652858
1652898
1653036
1653145
1653346
1656578
1657114
1658538
1659277
1660367
1662640
1664762
1665026
1665043
1665049
1665753
1666021
1666099
1666511
1667893
1668751
1669932
1670123
1671355
1672039
1672572
1673161
1673168
1673607
1673618
1673743
1673795
1675144
1675285
1675946
1676122
1678818
1679817
1679845
1680817
1681662
1682072
1684563
1684904
1685282
1685756
1686660
1686894
1690375
1690808
1691927
1692906
1693806
1694042
1694771
1695672
1696085
1697640
1698993
1699280
1699771
1704753
1705601
1708378
1709488
1710806
1711871
1712889
1717042
1717803
1719838
1722007
1722958
1724435
1725163
1725556
1727218
1727380
1728643
1729608
1729688
1729999
1730355
1730755
1732374
1732668
1734519
1734541
1735383
1735790
1736377
1736576
1737543
1737704
1738604
1739692
1740440
1740624
1741173
1741949
1742829
1743457
1743552
1747847
1749351
1749778
1750097
1753303
1754296
1754597
1755626
1756246
1758896
1759824
1762694
1765105
1765194
1768103
1768807
1769026
1769135
1769532
1769750
1769953
1770221
1771142
1771354
1771448
1771555
1772350
1774426
1774638
1775053
1775229
1775464
1776889
1777298
1778016
1779025
1781992
1783743
1787552
1787938
1788478
1788684
1790332
1790441
1790853
1790872
1791251
1792752
1792971
1793774
1793776
1793917
1794635
1795258
1795765
1796319
1796664
1797607
1797637
1797955
1798972
1800689
1803043
1803749
1804123
1804595
1804928
1805277
1806101
1806352
1807307
1808950
1810199
1810257
1810864
1810957
1811136
1813036
1813138
1814530
1814854
1817809
1821046
1823231
1823255
1824249
1824322
1825017
1825362
1825702
1826330
1826358
1826617
1826981
1827351
1829990
1830426
1830549
1830829
1831248
1831718
1832367
1833248
1833389
1833867
1834163
1835353
1836400
1836526
1836554
1836568
1837772
1838644
1838673
1838792
1839258
1839953
1840261
1840300
1840494
1840532
1841046
1841077
1841117
1841694
1842065
1842163
1843831
1844441
1844470
1845055
1845218
1845541
1846054
1846476
1846529
1847727
1847994
1848645
1848864
1849542
1850089
1850842
1851287
1852857
1853450
1853618
1854181
1854663
1855417
1855691
1856379
1856435
1856490
1857162
1857436
1857995
1858216
1858281
1859149
1859435
1859449
1860713
1860882
1861589
1862139
1862224
1862246
1862273
1862869
1863389
1863801
1863805
1864117
1864748
1865336
1865427
1865484
1865642
1866065
1866082
1866390
1867520
1868773
1869039
1869687
1869982
1870685
1873154
1873330
1873499
1873836
1874200
1875218
1875963
1877051
1877104
1877208
1877367
1877742
1877758
1878327
1879471
1879608
1880091
1881163
1881927
1881936
1882017
1882374
1882393
1882489
1882663
1882897
1883699
1884448
1884751
1885483
1886004
1886018
1886318
1886930
1886938
1887616
1887876
1887879
1888666
1888738
1889351
1889572
1890155
1890936
1891373
1892487
1892843
1892914
1893203
1894064
1894282
1894535
1894806
1894881
1895979
1897131
1897507
1897567
1898141
1898504
1898784
1898855
1899565
1899680
1899804
1900057
1900967
1901329
1901392
1901546
1902828
1903050
1903362
1904031
1904065
1904661
1904946
1906013
1906427
1906965
1907973
1909038
1909358
1909727
1909732
1910053
1910126
1910258
1910284
1910603
1910641
1911124
1911599
1911921
1912789
1913004
1913428
1913795
1914201
1914413
1914895
1915311
1915487
1916131
1916159
1916351
1916413
1916841
1917612
1917695
1918237
1918572
1918868
1919400
1919538
1919682
1921017
1921786
1921825
1921884
1922325
1922565
1923132
1923139
1923713
1923937
1923990
1924132
1924293
1925030
1925239
1925351
1925805
1926082
1926163
1926194
1926293
1926380
1926819
1927400
1927937
1927946
1928048
1928052
1928115
1928120
1928958
1929678
1930370
1930554
1930830
1930977
1931040
1932130
1932376
1932471
1933494
1933565
1933875
1934065
1935614
1935670
1935872
1936102
1936517
1936977
1937192
1937210
1937421
1937651
1937660
1938297
1938363
1939053
1939908
1939958
1940028
1940606
1940673
1941145
1941822
1941833
1941984
1942296
1942305
1942580
1942710
1942864
1943161
1943239
1943248
1943545
1943792
1943882
1944933
1945088
1945194
1945379
1945785
1945861
1946645
1946933
1947247
1947477
1947659
1948830
1948906
1949106
1949200
1949480
1949803
1949887
1950236
1950481
1950707
1950779
1950910
1951056
1951523
1951565
1951693
1951736
1951961
1952099
1952141
1952286
1952442
1952542
1952824
1952837
1952849
1953170
1953219
1953826
1954490
1955230
1955248
1955982
1956540
1957645
1958304
1963001
1963370
1963936
1964456
1964497
1965264
1965321
1965387
1965430
1965826
1965912
1967184
1968093
1968869
1969549
1969632
1969683
1970108
1970206
1970373
1970470
1972008
1972011
1972577
1973355
1973931
1975352
1975658
1976342
1978084
1978348
1979086
1979402
1979964
1980047
1980719
1981078
1981452
1981548
1982410
1984196
1984463
1984888
1986602
1987381
1990154
1990316
1991128
1991869
1993621
1993708
1998346
1998348
1998862
1999234
2001073
2002722
2003058
2003094
2003786
2003806
2004066
2004119
2004228
2004432
2004786
2005180
2005524
2005896
2006033
2006459
2008151
2008270
2009921
2010793
2011255
2011534
2012850
2012876
2013175
2013576
2014209
2015656
2015829
2015858
2018249
2018983
2020590
2020642
2021020
2021564
2022296
2024279
2024757
2025594
2025906
2028076
2028447
2028725
2029422
2029801
2032110
2032171
2033084
2033484
2033885
2034066
2035220
2035819
2035938
2036773
2036783
2037044
2037182
2037207
2037689
2038123
2038152
2038221
2038410
2039582
2039784
2039873
2040128
2041721
2041731
2041893
2043150
2043800
2043854
2043877
2043918
2044600
2046366
2046377
2046634
2047607
2047620
2047795
2050030
2051405
2051550
2051758
2052157
2053577
2054255
2055570
2055638
2059226
2060144
2060309
2060560
2060575
2060624
2060767
2061016
2062582
2063397
2063416
2063488
2064650
2064744
2064846
2064965
2065179
2065753
2065769
2066526
2066818
2069448
2070234
2070488
2070933
2071106
2071164
2071573
2072461
2073473
2073871
2073873
2074447
2074775
2074929
2074968
2075510
2075755
2075806
2076043
2076198
2076666
2076719
2076871
2077026
2077060
2077315
2078171
2078202
2078772
2079714
2080165
2080660
2080687
2080982
2081117
2081332
2082076
2082130
2082416
2082737
2084124
2084914
2085265
2085627
2085639
2085659
2085786
2087552
2087595
2087667
2088951
2088980
2092003
2092383
2092536
2092857
2093227
2093331
2093627
2094887
2095019
2095289
2095417
2095594
2095709
2096259
2096661
2096711
2096806
2096905
2096925
2097205
2097685
2097873
2098520
2098602
2098612
2098737
2099147
2099425
2099439
2100043
2100677
2100793
2100833
2101151
2102199
2102497
2103283
2103851
2104321
2104363
2104523
2105507
2105542
2105847
2106009
2106462
2106527
2107391
2107445
2107455
2107505
2107606
2107640
2107707
2108744
2108881
2109144
2109213
2110086
2110208
2110391
2110491
2110709
2111257
2112185
2112305
2113022
2113118
2113214
2113417
2114052
2114357
2115146
2115797
2115925
2116017
2116650
2117681
2117766
2117813
2118521
2119399
2119595
2120053
2121667
2122041
2122224
2122673
2122736
2123017
2123324
2123605
2123739
2124538
2125202
2126019
2126057
2126100
2128016
2129216
2129289
2130067
2130582
2131103
2131941
2132187
2132506
2132555
2132997
2133123
2134505
2135445
2136228
2136594
2136858
2137222
2137487
2137493
2137967
2138032
2138221
2138504
2139230
2139594
2139924
2140224
2140981
2141823
2142269
2142460
2142653
2142840
2143395
2143555
2143557
2143879
2144275
2144706
2144968
2145723
2146375
2146422
2146445
2147227
2147819
2148640
2149453
2149593
2150038
2150044
2150255
2150365
2150578
2150597
2150803
2151354
2151389
2151583
2151809
2151841
2152454
2152701
2153084
2153869
2154673
2156243
2156915
2157089
2157140
2157505
2157818
2158349
2158407
2158599
2159146
2159483
2160006
2160087
2160634
2160843
2161432
2161893
2162135
2162601
2162837
2163152
2163385
2163961
2164154
2164830
2164924
2165850
2166178
2166432
2166510
2166658
2166663
2166779
2166780
2166929
2167294
2167360
2167863
2167871
2168345
2168532
2168615
2169086
2169880
2171045
2171260
2171857
2172725
2174598
2174904
2175094
2175298
2175301
2175532
2175562
2175674
2176110
2176253
2177086
2177265
2177351
2177417
2177428
2178279
2178389
2178451
2178971
2179363
2179848
2179999
2180061
2180192
2180206
2180419
2180958
2181063
2181780
2182216
2182478
2182727
2182934
2183931
2184308
2184928
2185251
2185569
2186297
2186408
2186499
2186578
2187019
2187353
2187932
2188470
2189308
2189572
2189976
2190389
2190554
2190979
2191287
2191533
2192232
2192434
2192658
2192927
2193176
2193285
2193570
2193576
2193599
2194157
2194533
2194625
2195223
2195882
2196012
2196146
2196550
2196553
2196708
2196805
2196836
2197579
2197703
2198445
2199103
2199867
2199902
2200818
2201472
2202502
2202582
2203085
2203134
2203917
2203983
2204024
2204092
2204424
2206365
2206893
2208024
2209027
2209069
2209950
2210303
2210534
2210784
2212528
2212696
2213387
2214985
2216226
2218251
2220722
2220769
2220948
2220977
2221424
2221685
2221776
2222444
2222627
2223441
2224477
2225423
2226486
2226487
2226882
2227454
2228041
2228169
2229489
2229679
2229808
2229886
2230146
2230257
2231090
2232257
2232484
2232717
2232734
2232841
2233149
2233235
2233528
2233956
2234605
2235806
2236380
2237017
2237147
2237565
2237877
2238058
2240174
2240222
2240920
2242423
2242830
2243077
2243213
2243813
2244199
2244752
2244881
2245152
2246315
2246416
2246603
2246605
2246694
2247268
2247981
2248151
2248397
2248626
2249269
2249407
2250549
2250722
2251399
2251997
2252574
2252693
2252800
2252862
2254343
2254387
2255391
2255438
2255459
2255685
2256098
2256962
2257150
2257350
2257864
2258236
2259158
2260178
2261220
2261686
2261793
2261965
2263418
2263583
2263763
2264468
2264719
2265152
2265162
2265456
2266140
2266307
2266654
2266754
2266855
2266929
2267898
2268119
2268672
2268755
2268923
2268974
2269594
2269781
2270228
2270352
2270644
2270784
2270967
2272251
2272270
2272304
2272685
2273098
2273475
2273554
2273757
2273907
2273997
2274050
2274320
2274984
2275256
2275547
2275997
2276274
2276524
2276657
2278319
2278529
2279256
2279894
2280270
2280274
2280282
2281053
2282214
2282287
2282298
2282351
2282479
2282536
2283701
2284512
2284609
2284875
2285112
2285943
2286057
2286228
2286472
2287062
2287433
2287547
2287708
2288602
2288688
2289078
2290097
2290246
2290262
2290266
2290634
2290939
2291316
2291317
2291412
2291482
2291824
2292382
2292809
2293444
2293671
2294226
2294707
2295076
2295408
2296272
2296923
2297588
2297858
2298695
2298882
2298940
2299605
2299778
2300572
2301249
2301330
2301597
2301950
2302818
2303171
2304903
2305598
2306900
2307051
2307310
2307352
2307466
2307479
2307615
2307676
2307814
2307833
2308165
2308246
2309237
2310060
2311036
2312415
2312828
2313415
2313558
2313576
2315302
2315303
2315531
2316632
2316695
2317152
2317587
2319142
2320510
2320647
2321155
2321160
2321531
2321779
2321976
2322583
2322993
2323397
2323563
2324005
2324594
2326128
2327223
2327433
2327514
2327531
2327808
2328000
2328551
2329017
2329215
2330052
2330271
2330272
2330873
2332977
2333000
2333059
2333202
2333933
2334096
2334274
2334907
2335894
2336078
2336480
2336503
2336805
2337094
2337408
2337471
2337792
2338082
2338681
2339336
2339469
2339551
2339590
2339935
2339967
2340139
2342800
2343559
2343662
2343933
2343956
2344068
2344455
2344572
2344999
2345102
2345612
2345783
2346020
2346407
2346503
2347250
2347609
2348368
2350486
2351884
2351924
2352127
2352298
2352455
2352565
2352877
2353243
2354642
2354981
2355326
2355549
2356609
2356921
2357403
2357474
2358164
2358398
2358690
2358715
2359259
2359362
2359726
2359958
2360962
2361099
2361234
2361631
2361715
2361727
2361779
2361965
2362049
2362547
2362846
2362848
2362887
2363038
2363252
2363326
2363437
2364024
2364042
2366089
2366332
2367104
2367124
2367153
2367340
2367403
2367412
2367790
2368165
2368714
2368815
2370385
2370399
2370432
2370480
2370535
2370554
2371304
2371490
2371579
2371714
2372357
2372650
2372729
2373230
2373396
2373451
2373530
2373632
2373645
2374065
2374791
2375678
2375801
2375875
2375920
2376495
2376586
2377026
2377370
2377858
2378167
2378422
2378953
2379163
2379305
2380157
2380308
2380608
2381195
2381700
2382342
2382830
2383222
2383301
2384217
2384426
2384975
2385659
2386030
2386360
2387389
2387827
2387844
2388657
2389044
2389281
2389666
2389928
2390755
2391172
2391743
2392123
2392525
2394240
2395099
2395612
2395826
2395948
2396054
2396118
2396205
2396793
2396929
2397328
2397412
2397639
2397846
2398402
2399038
2399193
2399588
2400746
2400795
2400972
2401153
2401499
2402027
2402355
2402645
2403025
2403302
2403407
2403521
2403541
2405099
2405118
2405314
2405480
2405605
2405998
2406280
2406447
2407242
2407454
2407877
2408481
2408551
2409728
2409928
2410457
2410755
2411123
2411831
2411897
2412040
2412086
2412192
2413439
2413681
2413683
2415066
2415256
2415493
2415556
2415659
2417274
2417579
2418008
2418259
2418483
2419107
2419122
2419724
2419736
2420186
2421009
2421158
2421808
2422474
2422764
2423287
2423314
2423351
2423884
2423939
2424299
2424777
2425463
2426078
2426158
2427022
2427202
2427277
2428444
2428542
2428707
2429660
2429716
2430030
2430892
2431254
2431799
2432144
2432508
2432621
2436594
2436756
2438822
2438892
2439554
2440601
2440616
2442313
2442888
2443090
2443377
2443610
2443907
2444484
2444648
2445061
2445408
2445430
2445926
2445983
2446157
2446451
2446614
2446858
2447424
2447866
2448049
2448973
2449034
2449602
2450082
2450539
2451170
2451211
2452181
2452251
2452731
2452764
2452769
2452900
2453175
2453453
2453490
2453990
2454442
2456307
2458169
2459262
2460455
2461993
2462179
2462288
2462306
2463153
2463529
2464175
2464284
2464369
2464642
2465557
2465936
2465944
2466009
2467609
2468122
2469036
2469284
2470054
2471298
2472322
2473242
2473524
2473762
2473984
2473987
2474249
2474352
2474743
2475070
2475737
2475999
2476819
2476955
2477435
2478161
2479098
2479126
2480626
2481302
2481685
2482294
2483238
2483370
2483882
2483897
2484343
2484589
2484733
2485133
2486263
2486266
2486308
2486354
2486430
2486557
2486666
2486705
2487334
2487735
2488227
2489043
2489629
2491947
2492143
2492332
2492656
2492932
2493293
2493977
2496988
2497264
2497506
2497736
2497969
2498677
2498949
2499308
2499484
2499729
2499996
2499998
2500080
2500588
2500624
2500822
2500945
2501535
2501943
2502275
2502852
2503104
2503297
2503480
2504370
2505208
2505710
2505861
2506227
2507679
2507740
2508046
2508060
2508545
2508578
2508614
2508967
2509621
2511477
2512028
2512693
2513051
2513541
2515520
2515536
2516820
2516937
2519565
2519793
2520173
2520316
2521470
2521509
2521940
2521998
2522228
2522237
2522606
2522676
2522710
2523129
2524049
2524168
2524187
2525065
2525495
2525740
2527035
2527686
2527701
2528145
2528152
2528917
2529330
2530665
2531378
2531555
2533218
2534031
2534147
2535600
2536040
2536349
2536652
2537084
2538754
2539344
2539725
2540204
2541429
2541861
2542899
2543314
2543428
2543616
2544073
2544456
2544672
2544933
2545651
2546369
2546425
2546493
2546847
2547636
2547727
2548316
2548539
2548623
2548678
2548754
2549431
2549459
2549539
2550275
2550643
2550657
2550800
2551694
2551710
2551713
2552646
2552940
2552977
2553197
2553363
2554745
2555126
2555836
2555972
2557338
2557478
2557825
2558186
2558196
2558248
2558587
2559085
2559208
2559290
2559431
2560704
2561472
2562003
2562075
2562575
2563160
2563189
2563560
2564007
2564175
2564314
2564650
2564743
2565292
2565370
2565842
2566414
2567235
2567446
2567747
2568837
2569670
2570574
2570832
2572410
2572583
2573599
2574826
2575081
2575621
2575868
2575888
2576459
2576565
2576691
2576854
2577038
2577274
2577717
2579733
2580846
2581297
2581753
2582429
2582522
2582934
2583061
2584385
2584868
2584930
2584945
2585495
2586204
2586534
2587407
2587939
2588155
2588375
2589728
2591086
2591344
2591444
2591751
2592395
2592456
2592614
2592710
2592759
2593008
2593278
2593535
2595390
2596192
2596600
2596646
2597059
2597065
2597268
2597342
2597527
2597690
2597828
2598264
2598346
2599991
2600575
2600757
2600770
2600920
2601077
2601252
2601414
2601556
2602144
2603590
2603824
2604428
2605145
2605830
2606575
2607493
2608039
2608054
2608519
2608616
2609024
2609184
2609688
2609851
2611208
2611879
2612135
2612369
2612450
2612478
2612596
2614901
2615261
2615580
2615620
2616633
2616918
2617677
2618701
2619307
2620636
2620692
2620710
2620727
2620778
2620861
2621041
2621279
2621417
2621561
2621797
2621944
2621955
2622039
2622217
2622309
2623132
2623154
2623669
2624128
2624818
2625332
2626024
2627492
2627752
2628335
2628628
2628973
2628974
2629082
2629171
2629232
2629582
2629756
2629836
2629961
2630164
2630750
2631238
2631529
2631664
2631751
2632179
2632873
2633301
2635582
2635629
2635636
2635931
2636257
2636716
2637969
2638154
2638406
2639198
2640503
2640768
2641980
2642297
2642780
2643279
2643509
2643561
2644037
2644350
2644406
2644634
2645730
2646168
2646752
2648802
2649470
2650073
2650089
2650175
2651147
2651988
2652342
2653570
2653706
2654007
2654049
2654480
2655387
2655934
2656371
2656464
2656756
2656757
2656952
2657809
2659690
2659848
2659892
2660563
2660583
2660734
2661170
2661476
2661982
2662284
2662956
2663223
2663610
2665531
2665644
2665689
2665747
2666062
2666304
2666385
2666805
2666862
2667181
2667749
2667775
2667878
2668168
2668270
2668314
2669111
2669593
2669780
2669815
2669824
2670024
2670808
2670853
2671067
2672005
2672472
2672583
2672909
2672990
2673042
2673687
2673696
2674129
2675419
2676355
2676493
2677317
2677988
2678097
2678256
2678402
2679440
2679549
2679612
2679967
2680530
2680707
2680720
2680905
2681121
2681171
2681777
2681954
2681995
2684373
2684675
2684707
2684709
2685155
2685373
2685496
2685593
2686090
2686352
2687567
2687616
2688302
2689691
2689737
2689741
2689871
2689909
2690128
2690474
2690947
2691004
2691904
2692198
2693062
2693607
2693627
2693867
2694015
2694317
2694576
2694578
2695288
2695368
2695564
2696061
2696407
2697353
2698051
2698374
2698448
2698541
2698547
2698609
2698886
2699022
2699634
2699973
2700236
2700289
2700454
2700490
2700677
2700889
2701453
2701781
2702598
2702986
2703560
2703613
2703714
2703858
2704305
2704383
2704525
2704662
2705153
2705901
2707354
2707708
2708185
2708592
2708650
2708726
2709062
2709178
2709233
2709755
2709791
2710068
2710074
2710118
2711440
2711543
2712081
2712336
2712361
2712790
2712840
2713143
2713448
2713632
2714111
2714450
2714517
2715106
2715153
2715430
2716751
2716877
2717572
2717594
2717680
2717771
2719738
2720818
2720990
2721000
2721691
2721826
2722053
2722064
2722681
2722697
2722707
2722877
2722998
2723015
2723038
2723150
2723938
2725141
2725303
2725524
2726230
2727375
2727383
2728181
2728364
2728452
2728686
2729186
2729240
2730660
2730761
2730776
2730870
2731016
2731137
2731218
2731771
2732577
2732962
2733382
2733393
2733462
2733500
2733504
2733775
2733779
2734186
2734242
2734802
2735689
2735705
2736090
2736343
2736610
2736864
2736895
2737110
2737629
2737982
2738170
2738341
2738395
2739900
2740349
2740692
2740826
2740865
2740910
2741440
2741594
2741693
2741783
2741858
2742607
2742622
2743187
2743297
2744287
2744512
2744601
2744616
2745112
2745316
2745802
2745956
2746100
2746156
2746312
2746356
2746394
2746495
2746976
2747136
2747489
2747626
2748417
2748568
2748733
2749441
2749842
2749880
2750023
2750450
2750521
2751508
2751723
2751732
2751943
2752075
2752108
2752522
2753497
2753724
2753950
2753990
2754226
2754401
2754833
2755112
2755783
2755972
2756260
2756268
2756533
2756742
2757097
2757213
2757775
2758135
2758159
2758370
2758691
2758924
2759202
2759282
2759718
2760103
2760313
2761313
2762257
2762424
2762727
2762838
2762913
2763237
2763938
2765256
2765258
2765340
2765751
2766158
2766758
2767082
2767238
2768155
2769397
2769683
2769721
2769735
2772031
2773100
2773645
2773659
2773672
2773878
2773994
2774022
2774662
2774708
2775135
2777027
2777647
2777770
2778173
2778260
2778312
2778844
2778989
2779022
2779268
2779892
2780267
2781015
2781080
2781216
2781507
2781704
2783120
2783463
2783978
2784210
2784292
2784385
2784870
2785554
2786572
2786759
2786913
2787619
2788331
2789189
2789614
2789643
2791845
2792373
2792399
2792548
2793633
2793748
2794008
2794542
2794571
2795424
2795534
2796008
2797031
2797414
2797442
2797608
2797866
2798372
2799014
2799352
2800787
2802558
2802776
2802977
2804546
2805043
2805555
2805932
2806076
2806246
2806923
2807499
2807660
2807737
2807785
2807847
2807986
2808467
2810416
2810893
2810920
2811105
2811469
2811554
2811649
2811862
2811975
2812087
2812402
2812739
2813101
2813415
2814911
2815368
2816224
2817245
2817298
2817491
2818676
2818721
2818814
2819961
2820110
2820311
2820774
2821717
2822249
2823148
2823986
2824441
2824770
2825403
2825861
2827283
2827726
2827933
2828631
2828703
2829235
2829657
2829799
2829849
2829957
2830105
2830532
2830809
2830997
2831263
2831304
2831514
2831779
2831954
2832109
2832888
2833139
2833682
2833942
2834133
2834255
2834756
2835625
2836436
2836450
2836748
2837051
2837448
2838225
2839603
2840561
2840672
2841208
2842503
2842686
2843309
2843862
2843954
2844156
2844723
2845153
2845430
2845506
2846058
2846519
2846596
2847406
2847738
2847911
2850102
2851137
2851184
2852661
2854253
2854316
2854397
2854769
2858026
2858572
2858680
2859262
2860015
2860098
2860220
2863467
2863811
2864077
2864260
2864359
2864517
2864656
2864735
2864776
2865301
2865584
2865620
2865893
2866076
2867532
2868607
2868612
2869780
2870344
2870848
2872169
2872773
2873404
2874035
2875035
2875571
2875656
2875875
2876087
2876719
2879725
2880077
2880171
2881237
2881371
2883970
2884033
2884399
2884529
2885409
2885516
2885537
2885752
2885754
2886081
2886211
2886486
2886673
2886834
2887617
2887960
2888893
2890346
2890368
2891944
2892266
2892985
2893299
2893536
2893610
2893746
2893882
2894253
2894685
2895792
2895812
2896942
2897210
2897627
2898099
2898282
2898454
2898940
2899531
2899630
2900325
2900366
2900603
2900712
2901405
2901473
2901846
2901973
2903163
2903334
2904168
2904297
2904352
2904438
2904867
2904985
2905769
2907076
2907329
2907348
2907732
2908454
2909714
2910524
2910765
2911866
2912101
2912642
2912719
2912898
2913131
2913262
2913319
2913333
2913694
2913711
2913732
2914483
2914498
2914899
2915171
2915407
2916105
2916118
2916302
2918319
2918323
2918389
2918683
2920298
2920441
2920442
2920683
2921002
2921004
2921266
2921353
2921606
2921990
2922736
2922757
2922760
2923230
2923970
2924836
2926447
2926739
2926955
2927621
2928055
2928768
2929628
2930025
2930973
2931308
2931723
2932861
2933459
2933765
2934008
2934134
2934222
2934256
2934372
2934584
2934745
2935207
2935330
2936081
2936145
2936791
2937153
2938295
2939417
2939448
2939613
2939708
2939754
2940038
2940104
2940196
2940209
2940226
2940329
2940656
2940772
2940977
2941572
2941825
2942453
2942736
2942792
2943281
2943648
2943895
2944252
2944793
2944849
2945035
2945040
2946541
2946924
2947632
2947841
2947936
2949685
2950634
2950695
2950738
2951175
2951440
2951612
2951917
2952318
2952357
2953456
2953677
2954041
2954466
2954501
2954736
2955646
2956063
2956321
2956635
2956747
2957013
2957508
2957597
2957706
2958116
2958331
2958368
2958652
2959349
2959726
2959830
2960195
2960753
2961745
2961826
2961955
2962034
2962101
2962189
2962270
2962277
2962354
2962842
2962898
2963154
2963289
2963536
2963739
2963955
2964035
2964601
2965007
2965178
2965902
2966928
2967742
2967929
2967964
2968145
2968337
2968628
2968830
2969003
2969218
2969399
2969569
2971723
2972574
2973226
2973623
2973727
2974562
2974573
2975131
2975330
2977013
2977255
2977578
2978044
2978117
2978266
2978460
2978619
2979288
2979458
2979545
2979787
2980168
2980436
2980733
2980735
2980832
2981208
2982196
2982257
2982554
2982666
2983233
2983243
2983251
2983273
2983297
2983559
2983681
2983824
2984059
2984256
2984346
2984714
2984764
2985675
2985723
2986264
2987379
2987382
2987414
2987431
2987441
2987465
2987471
2987505
2987566
2987903
2987988
2988369
2988522
2988561
2988690
2989212
2990056
2990526
2991275
2991462
2991805
2992046
2992056
2992160
2992286
2992556
2992835
2993134
2993842
2993952
2995142
2995377
2995600
2995694
2995728
2996408
2997584
2998425
2998839
2998991
2999304
2999414
2999589
2999740
3000481
3001184
3002179
3002185
3002231
3003209
3003436
3003632
3004096
3004347
3004400
3004426
3004597
3004649
3004822
3005269
3005992
3005999
3006267
3006570
3006993
3007605
3007755
3008443
3008601
3008768
3008844
3008962
3009153
3009395
3009553
3009882
3010627
3010656
3011142
3011482
3012793
3012996
3013119
3013626
3014337
3015145
3016217
3016306
3016769
3017011
3017204
3017351
3017904
3018570
3018829
3019012
3019131
3019990
3020153
3020271
3020362
3020720
3021104
3021689
3021823
3022639
3022886
3023638
3023647
3023933
3024091
3024261
3025120
3026066
3026261
3026282
3026520
3026736
3026883
3027405
3029429
3029814
3031156
3032382
3032697
3034192
3034394
3034803
3036253
3036491
3036764
3036827
3037002
3037753
3038521
3038812
3039532
3039681
3040395
3041175
3041459
3041915
3042261
3042282
3042359
3042383
3043622
3043801
3044832
3046278
3046490
3046891
3047873
3049854
3050785
3050966
3051382
3052451
3052891
3052969
3054962
3055475
3055934
3056053
3057296
3057569
3058088
3058172
3059274
3059561
3060313
3060921
3061200
3063358
3063512
3063643
3064080
3064540
3065066
3066258
3067101
3067157
3067159
3067601
3067842
3068032
3069057
3070211
3071714
3072731
3072788
3072997
3073016
3073743
3074178
3074499
3074884
3075980
3076006
3076299
3076311
3077550
3077589
3078327
3078779
3079016
3079433
3080211
3080819
3080845
3081022
3081739
3082324
3083948
3083993
3084000
3084008
3084545
3085237
3087153
3087180
3087250
3087332
3087677
3087744
3088041
3088493
3088538
3090549
3091030
3091320
3091351
3091562
3091716
3091786
3092217
3092360
3092995
3093430
3094831
3094975
3095283
3095494
3095712
3095721
3095744
3096425
3096919
3098109
3099473
3099984
3100993
3102493
3102671
3102682
3102844
3102987